日期,确诊人数总数,新增确诊人数,治愈人数总数,新增治愈人数,现在确诊人数,现在新增确诊人数,死亡人数,新增死亡人数
20200122,1,1,0,0,0,1,0,0
20200123,2,1,0,0,0,2,0,0
20200124,5,3,0,0,0,5,0,0
20200125,5,0,0,0,0,5,0,0
20200126,8,3,0,0,0,8,0,0
20200127,8,0,0,0,0,8,0,0
20200128,8,0,0,0,0,8,0,0
20200129,10,2,0,0,0,10,0,0
20200130,12,2,0,0,0,12,0,0
20200131,13,1,0,0,0,13,0,0
20200201,14,1,0,0,0,14,0,0
20200202,15,1,0,0,0,15,0,0
20200203,15,0,0,0,0,15,0,0
20200204,18,3,0,0,0,17,1,1
20200205,21,3,0,0,0,20,1,0
20200206,24,3,0,0,0,23,1,0
20200207,26,2,0,0,0,25,1,0
20200208,26,0,0,0,0,25,1,0
20200209,36,10,0,0,0,35,1,0
20200210,42,6,0,0,0,41,1,0
20200211,49,7,0,0,0,48,1,0
20200212,50,1,1,1,1,48,1,0
20200213,53,3,1,0,1,51,1,0
20200214,56,3,1,0,1,54,1,0
20200215,56,0,1,0,1,54,1,0
20200216,57,1,2,1,2,54,1,0
20200217,60,3,2,0,2,57,1,0
20200218,62,2,4,2,4,57,1,0
20200219,65,3,5,1,5,58,2,1
20200220,68,3,5,0,5,61,2,0
20200221,68,0,6,1,6,60,2,0
20200222,69,1,11,5,11,56,2,0
20200223,74,5,12,1,12,60,2,0
20200224,81,7,19,7,19,60,2,0
20200225,85,4,18,-1,18,65,2,0
20200226,91,6,24,6,24,65,2,0
20200227,93,2,26,2,26,65,2,0
20200228,94,1,30,4,30,62,2,0
20200229,95,1,33,3,33,60,2,0
20200301,98,3,36,3,36,60,2,0
20200302,100,2,36,0,36,62,2,0
20200303,100,0,37,1,37,61,2,0
20200304,105,5,43,6,43,60,2,0
20200305,105,0,46,3,46,57,2,0
20200306,107,2,51,5,51,54,2,0
20200307,109,2,55,4,55,52,2,0
20200308,114,5,59,4,59,52,3,1
20200309,115,1,60,1,60,52,3,0
20200310,120,5,65,5,65,52,3,0
20200311,129,9,67,2,67,59,3,0
20200312,131,2,75,8,75,53,3,0
20200313,137,6,78,3,78,55,4,1
20200314,141,4,81,3,81,56,4,0
20200315,149,8,84,3,84,61,4,0
20200316,157,8,88,4,88,65,4,0
20200317,167,10,92,4,92,71,4,0
20200318,192,25,95,3,95,93,4,0
20200319,208,16,98,3,98,106,4,0
20200320,256,48,98,0,98,154,4,0
20200321,273,17,100,2,100,169,4,0
20200322,317,44,100,0,100,213,4,0
20200323,356,39,101,1,101,251,4,0
20200324,386,30,102,1,102,280,4,0
20200325,410,24,106,4,106,300,4,0
20200326,453,43,110,4,110,339,4,0
20200327,518,65,111,1,111,403,4,0
20200328,582,64,112,1,112,466,4,0
20200329,641,59,118,6,118,519,4,0
20200330,682,41,124,6,124,554,4,0
20200331,714,32,128,4,128,582,4,0
20200401,765,51,147,19,147,614,4,0
20200402,802,37,154,7,154,644,4,0
20200403,845,43,173,19,173,668,4,0
20200404,862,17,186,13,186,672,4,0
20200405,890,28,206,20,206,680,4,0
20200406,914,24,216,10,216,694,4,0
20200407,935,21,236,20,236,695,4,0
20200408,960,25,264,28,264,692,4,0
20200409,973,13,293,29,293,676,4,0
20200410,989,16,309,16,309,676,4,0
20200411,1000,11,336,27,336,660,4,0
20200412,1004,4,360,24,360,640,4,0
20200413,1009,5,397,37,397,608,4,0
20200414,1012,3,434,37,434,574,4,0
20200415,1016,4,459,25,459,553,4,0
20200416,1017,1,485,26,485,528,4,0
20200417,1021,4,532,47,532,485,4,0
20200418,1023,2,568,36,568,451,4,0
20200419,1025,2,602,34,602,419,4,0
20200420,1025,0,630,28,630,391,4,0
20200421,1029,4,650,20,650,375,4,0
20200422,1033,4,678,28,678,351,4,0
20200423,1035,2,699,21,699,332,4,0
20200424,1035,0,725,26,725,306,4,0
20200425,1037,2,753,28,753,280,4,0
20200426,1037,0,772,19,772,261,4,0
20200427,1037,0,787,15,787,246,4,0
20200428,1037,0,811,24,811,222,4,0
20200429,1037,0,830,19,830,203,4,0
20200430,1037,0,846,16,846,187,4,0
20200501,1039,2,859,13,859,176,4,0
20200502,1039,0,864,5,864,171,4,0
20200503,1039,0,879,15,879,156,4,0
20200504,1040,1,900,21,900,136,4,0
20200505,1040,0,920,20,920,116,4,0
20200506,1040,0,932,12,932,104,4,0
20200507,1044,4,944,12,944,96,4,0
20200508,1044,0,960,16,960,80,4,0
20200509,1044,0,967,7,967,73,4,0
20200510,1047,3,982,15,982,61,4,0
20200511,1047,0,985,3,985,58,4,0
20200512,1047,0,991,6,991,52,4,0
20200513,1050,3,1008,17,1008,38,4,0
20200514,1051,1,1009,1,1009,38,4,0
20200515,1052,1,1019,10,1019,29,4,0
20200516,1052,0,1022,3,1022,26,4,0
20200517,1055,3,1024,2,1024,27,4,0
20200518,1055,0,1025,1,1025,26,4,0
20200519,1055,0,1025,0,1025,26,4,0
20200520,1055,0,1026,1,1026,25,4,0
20200521,1063,8,1029,3,1029,30,4,0
20200522,1065,2,1029,0,1029,32,4,0
20200523,1065,0,1029,0,1029,32,4,0
20200524,1065,0,1030,1,1030,31,4,0
20200525,1065,0,1030,0,1030,31,4,0
20200526,1065,0,1033,3,1033,28,4,0
20200527,1066,1,1034,1,1034,28,4,0
20200528,1066,0,1035,1,1035,27,4,0
20200529,1079,13,1035,0,1035,40,4,0
20200530,1082,3,1036,1,1036,42,4,0
20200531,1084,2,1037,1,1037,43,4,0
20200601,1087,3,1037,0,1037,46,4,0
20200602,1093,6,1038,1,1038,51,4,0
20200603,1093,0,1039,1,1039,50,4,0
20200604,1099,6,1042,3,1042,53,4,0
20200605,1102,3,1045,3,1045,53,4,0
20200606,1105,3,1048,3,1048,53,4,0
20200607,1106,1,1049,1,1049,53,4,0
20200608,1107,1,1049,0,1049,54,4,0
20200609,1107,0,1050,1,1050,53,4,0
20200610,1107,0,1051,1,1051,52,4,0
20200611,1107,0,1055,4,1055,48,4,0
20200612,1108,1,1060,5,1060,44,4,0
20200613,1109,1,1061,1,1061,44,4,0
20200614,1109,0,1067,6,1067,38,4,0
20200615,1112,3,1067,0,1067,41,4,0
20200616,1112,0,1069,2,1069,39,4,0
20200617,1120,8,1071,2,1071,45,4,0
20200618,1124,4,1072,1,1072,48,4,0
20200619,1127,3,1074,2,1074,49,4,0
20200620,1128,1,1077,3,1077,46,5,1
20200621,1131,3,1078,1,1078,48,5,0
20200622,1161,30,1078,0,1078,78,5,0
20200623,1177,16,1083,5,1083,88,6,1
20200624,1179,2,1086,3,1086,87,6,0
20200625,1193,14,1088,2,1088,98,7,1
20200626,1196,3,1091,3,1091,98,7,0
20200627,1197,1,1095,4,1095,95,7,0
20200628,1199,2,1104,9,1104,88,7,0
20200629,1203,4,1105,1,1105,91,7,0
20200630,1205,2,1107,2,1107,91,7,0
20200701,1233,28,1117,10,1117,109,7,0
20200702,1242,9,1120,3,1120,115,7,0
20200703,1247,5,1125,5,1125,115,7,0
20200704,1258,11,1145,20,1145,106,7,0
20200705,1268,10,1156,11,1156,105,7,0
20200706,1285,17,1157,1,1157,121,7,0
20200707,1299,14,1161,4,1161,131,7,0
20200708,1323,24,1167,6,1167,149,7,0
20200709,1365,42,1176,9,1176,182,7,0
20200710,1403,38,1187,11,1187,209,7,0
20200711,1431,28,1197,10,1197,227,7,0
20200712,1469,38,1214,17,1214,248,7,0
20200713,1521,52,1217,3,1217,296,8,1
20200714,1569,48,1229,12,1229,332,8,0
20200715,1588,19,1241,12,1241,337,10,2
20200716,1713,125,1264,23,1264,439,10,0
20200717,1713,0,1264,0,1264,438,11,1
20200718,1777,64,1274,10,1274,491,12,1
20200719,1885,108,1294,20,1294,579,12,0
20200720,1958,73,1302,8,1302,644,12,0
20200722,2131,173,1344,42,1344,773,14,2
20200724,2372,241,1407,63,1407,949,16,2
20200725,2505,133,1455,48,1455,1032,18,2
20200726,2633,128,1495,40,1495,1120,18,0
20200727,2778,145,1486,-9,1486,1270,22,4
20200728,2884,106,1527,41,1527,1334,23,1
20200729,3002,118,1591,64,1591,1387,24,1
20200730,3151,149,1660,69,1660,1466,25,1
20200731,3272,121,1751,91,1751,1494,27,2
20200801,3396,124,1858,107,1858,1507,31,4
20200802,3511,115,1959,101,1959,1517,35,4
20200803,3589,78,2037,78,2037,1514,38,3
20200804,3669,80,2141,104,2141,1486,42,4
20200806,3849,180,2458,317,2458,1345,46,4
20200807,3938,89,2620,162,2620,1271,47,1
20200808,4007,69,2755,135,2755,1205,47,0
20200809,4079,72,2847,92,2847,1180,52,5
20200810,4148,69,2917,70,2917,1176,55,3
20200812,4243,95,3189,272,3189,991,63,8
20200813,4312,69,3295,106,3295,951,66,3
20200814,4360,48,3392,97,3392,901,67,1
20200815,4406,46,3488,96,3488,849,69,2
20200816,4480,74,3549,61,3549,862,69,0
20200817,4524,44,3599,50,3599,856,69,0
20200818,4560,36,3677,78,3677,812,71,2
20200820,4604,44,3827,150,3827,702,75,4
20200821,4631,27,3900,73,3900,656,75,0
20200822,4657,26,3974,74,3974,607,76,1
20200823,4682,25,4018,44,4018,587,77,1
20200824,4691,9,4052,34,4052,562,77,0
20200825,4710,19,4108,56,4108,524,78,1
20200826,4734,24,4161,53,4161,494,79,1
20200827,4755,21,4200,39,4200,474,81,2
20200828,4768,13,4249,49,4249,435,84,3
20200829,4786,18,4287,38,4287,412,87,3
20200830,4810,24,4342,55,4342,379,89,2
20200831,4810,0,4342,0,4342,379,89,0
20200901,4822,12,4380,38,4380,352,90,1
20200902,4830,8,4401,21,4401,336,93,3
20200903,4838,8,4431,30,4431,313,94,1
20200904,4850,12,4456,25,4456,300,94,0
20200905,4857,7,4493,37,4493,270,94,0
20200906,4878,21,4511,18,4511,271,96,2
20200907,4889,11,4524,13,4524,267,98,2
20200909,4901,12,4557,33,4557,245,99,1
20200910,4913,12,4582,25,4582,232,99,0
20200911,4925,12,4598,16,4598,228,99,0
20200913,4957,32,4630,32,4630,227,100,1
20200914,4971,14,4635,5,4635,235,101,1
20200915,4975,4,4646,11,4646,227,102,1
20200919,5009,34,4708,62,4708,198,103,1
20200920,5032,23,4712,4,4712,217,103,0
20200921,5038,6,4717,5,4717,218,103,0
20200922,5046,8,4729,12,4729,214,103,0
20200923,5049,3,4749,20,4749,196,104,1
20200924,5056,7,4758,9,4758,194,104,0
20200925,5058,2,4765,7,4765,188,105,1
20200926,5059,1,4777,12,4777,177,105,0
20200927,5065,6,4786,9,4786,174,105,0
20200928,5075,10,4790,4,4790,180,105,0
20200929,5079,4,4807,17,4807,167,105,0
20201001,5097,18,4837,30,4837,155,105,0
20201002,5104,7,4843,6,4843,156,105,0
20201003,5108,4,4849,6,4849,154,105,0
20201004,5113,5,4861,12,4861,147,105,0
20201005,5124,11,4864,3,4864,155,105,0
20201006,5132,8,4875,11,4875,152,105,0
20201007,5143,11,4885,10,4885,153,105,0
20201008,5161,18,4890,5,4890,166,105,0
20201009,5169,8,4906,16,4906,158,105,0
20201010,5175,6,4914,8,4914,156,105,0
20201011,5182,7,4919,5,4919,158,105,0
20201012,5193,11,4921,2,4921,167,105,0
20201013,5201,8,4931,10,4931,165,105,0
20201014,5201,0,4932,1,4932,164,105,0
20201015,5213,12,4943,11,4943,165,105,0
20201016,5220,7,4951,8,4951,164,105,0
20201017,5237,17,4963,12,4963,169,105,0
20201018,5241,4,4973,10,4973,163,105,0
20201019,5256,15,4982,9,4982,169,105,0
20201020,5269,13,5004,22,5004,160,105,0
20201021,5269,0,5004,0,5004,160,105,0
20201022,5280,11,5019,15,5019,156,105,0
20201023,5284,4,5029,10,5029,150,105,0
20201024,5289,5,5041,12,5041,143,105,0
20201025,5295,6,5047,6,5047,143,105,0
20201026,5303,8,5050,3,5050,148,105,0
20201027,5308,5,5053,3,5053,150,105,0
20201028,5310,2,5063,10,5063,142,105,0
20201030,5320,10,5082,19,5082,133,105,0
20201031,5323,3,5089,7,5089,129,105,0
20201101,5330,7,5096,7,5096,129,105,0
20201102,5336,6,5102,6,5102,129,105,0
20201103,5345,9,5109,7,5109,131,105,0
20201104,5348,3,5118,9,5118,124,106,1
20201105,5355,7,5126,8,5126,122,107,1
20201106,5361,6,5131,5,5131,123,107,0
20201108,5374,13,5144,13,5144,123,107,0
20201109,5380,6,5146,2,5146,127,107,0
20201110,5389,9,5153,7,5153,128,108,1
20201111,5407,18,5159,6,5159,140,108,0
20201112,5430,23,5170,11,5170,152,108,0
20201114,5444,14,5187,17,5187,149,108,0
20201115,5458,14,5194,7,5194,156,108,0
20201117,5470,12,5212,18,5212,150,108,0
20201118,5479,9,5224,12,5224,147,108,0
20201119,5491,12,5233,9,5233,150,108,0
20201120,5517,26,5239,6,5239,170,108,0
20201121,5560,43,5248,9,5248,204,108,0
20201122,5628,68,5259,11,5259,261,108,0
20201123,5701,73,5267,8,5267,326,108,0
20201124,5781,80,5274,7,5274,399,108,0
20201125,5866,85,5295,21,5295,463,108,0
20201126,5947,81,5300,5,5300,539,108,0
20201127,6039,92,5313,13,5313,618,108,0
20201128,6123,84,5328,15,5328,686,109,1
20201129,6238,115,5340,12,5340,789,109,0
20201130,6314,76,5344,4,5344,861,109,0
20201201,6396,82,5361,17,5361,926,109,0
20201202,6499,103,5394,33,5394,995,110,1
20201203,6589,90,5423,29,5423,1055,111,1
20201204,6701,112,5465,42,5465,1124,112,1
20201206,6897,196,5567,102,5567,1218,112,0
20201207,6975,78,5626,59,5626,1237,112,0
20201208,7075,100,5696,70,5696,1267,112,0
20201209,7179,104,5783,87,5783,1282,114,2
20201210,7291,112,5900,117,5900,1277,114,0
20201211,7377,86,5996,96,5996,1267,114,0
20201212,7446,69,6114,118,6114,1217,115,1
20201213,7541,95,6202,88,6202,1222,117,2
20201214,7623,82,6266,64,6266,1237,120,3
20201215,7721,98,6345,79,6345,1253,123,3
20201216,7803,82,6439,94,6439,1241,123,0
20201217,7899,96,6534,95,6534,1240,125,2
20201218,7969,70,6628,94,6628,1212,129,4
20201219,8078,109,6737,109,6737,1212,129,0
20201220,8152,74,6837,100,6837,1185,130,1
20201221,8237,85,6910,73,6910,1196,131,1
20201222,8300,63,6995,85,6995,1173,132,1
20201223,8353,53,7112,117,7112,1108,133,1
20201224,8424,71,7203,91,7203,1086,135,2
20201225,8481,57,7317,114,7317,1028,136,1
20201226,8540,59,7394,77,7394,1010,136,0
20201227,8610,70,7474,80,7474,999,137,1
20201228,8671,61,7526,52,7526,1004,141,4
20201229,8724,53,7616,90,7616,965,143,2
20201230,8778,54,7722,106,7722,909,147,4
20201231,8846,68,7813,91,7813,885,148,1
20210101,8888,42,7912,99,7912,828,148,0
20210102,8923,35,7968,56,7968,805,150,2
20210103,8964,41,8011,43,8011,803,150,0
20210104,9017,53,8055,44,8055,809,153,3
20210105,9049,32,8127,72,8127,769,153,0
20210106,9074,25,8201,74,8201,719,154,1
20210107,9107,33,8258,57,8258,695,154,0
20210108,9152,45,8307,49,8307,690,155,1
20210109,9211,59,8374,67,8374,680,157,2
20210110,9242,31,8423,49,8423,661,158,1
20210111,9283,41,8468,45,8468,656,159,1
20210112,9343,60,8525,57,8525,659,159,0
20210113,9385,42,8584,59,8584,640,161,2
20210114,9414,29,8631,47,8631,622,161,0
20210115,9452,38,8684,53,8684,607,161,0
20210116,9502,50,8724,40,8724,616,162,1
20210117,9557,55,8758,34,8758,637,162,0
20210118,9664,107,8786,28,8786,715,163,1
20210119,9720,56,8828,42,8828,727,165,2
20210120,9797,77,8865,37,8865,766,166,1
20210121,9867,70,8904,39,8904,796,167,1
20210122,9928,61,8948,44,8948,812,168,1
20210123,10009,81,8998,50,8998,843,168,0
20210124,10085,76,9034,36,9034,882,169,1
20210125,10158,73,9056,22,9056,931,171,2
20210126,10222,64,9101,45,9101,948,173,2
20210127,10282,60,9162,61,9162,945,175,2
20210128,10321,39,9239,77,9239,905,177,2
20210129,10371,50,9302,63,9302,891,178,1
20210130,10452,81,9423,121,9423,848,181,3
20210131,10452,0,9423,0,9423,848,181,0
20210201,10486,34,9474,51,9474,830,182,1
20210202,10511,25,9549,75,9549,778,184,2
20210203,10530,19,9633,84,9633,712,185,1
20210204,10552,22,9684,51,9684,682,186,1
20210205,10589,37,9750,66,9750,653,186,0
20210206,10608,19,9828,78,9828,594,186,0
20210207,10635,27,9887,59,9887,562,186,0
20210208,10667,32,9918,31,9918,563,186,0
20210209,10693,26,9976,58,9976,529,188,2
20210210,10710,17,10022,46,10022,499,189,1
20210211,10731,21,10077,55,10077,463,191,2
20210212,10755,24,10136,59,10136,427,192,1
20210213,10767,12,10160,24,10160,414,193,1
20210214,10779,12,10185,25,10185,401,193,0
20210215,10788,9,10207,22,10207,388,193,0
20210216,10796,8,10232,25,10232,369,195,2
20210217,10812,16,10270,38,10270,345,197,2
20210218,10820,8,10298,28,10298,325,197,0
20210219,10833,13,10329,31,10329,307,197,0
20210220,10848,15,10362,33,10362,289,197,0
20210221,10868,20,10389,27,10389,282,197,0
20210222,10884,16,10404,15,10404,283,197,0
20210223,10896,12,10427,23,10427,272,197,0
20210224,10913,17,10461,34,10461,254,198,1
20210225,10926,13,10474,13,10474,254,198,0
20210226,10950,24,10493,19,10493,259,198,0
20210227,10983,33,10519,26,10519,266,198,0
20210228,11005,22,10536,17,10536,270,199,1
20210301,11019,14,10547,11,10547,272,200,1
20210302,11032,13,10563,16,10563,269,200,0
20210303,11046,14,10578,15,10578,268,200,0
20210304,11055,9,10593,15,10593,261,201,1
20210305,11066,11,10604,11,10604,261,201,0
20210306,11074,8,10622,18,10622,250,202,1
20210307,11090,16,10629,7,10629,259,202,0
20210308,11099,9,10636,7,10636,261,202,0
20210309,11128,29,10675,39,10675,250,203,1
20210310,11128,0,10675,0,10675,250,203,0
20210311,11150,22,10694,19,10694,253,203,0
20210312,11257,107,10738,44,10738,316,203,0
20210313,11257,0,10738,0,10738,316,203,0
20210314,11281,24,10754,16,10754,324,203,0
20210315,11329,48,10769,15,10769,357,203,0
20210316,11329,0,10786,17,10786,340,203,0
20210317,11340,11,10809,23,10809,328,203,0
20210318,11350,10,10824,15,10824,323,203,0
20210319,11371,21,10837,13,10837,331,203,0
20210320,11379,8,10875,38,10875,301,203,0
20210321,11379,0,10875,0,10875,301,203,0
20210322,11409,30,10936,61,10936,270,203,0
20210323,11409,0,10936,0,10936,269,204,1
20210324,11419,10,10963,27,10963,252,204,0
20210325,11428,9,10994,31,10994,230,204,0
20210326,11445,17,11023,29,11023,217,205,1
20210327,11446,1,11040,17,11040,201,205,0
20210328,11446,0,11040,0,11040,201,205,0
20210329,11461,15,11085,45,11085,171,205,0
20210330,11461,0,11085,0,11085,171,205,0
20210331,11467,6,11095,10,11095,167,205,0
20210401,11480,13,11108,13,11108,167,205,0
20210402,11499,19,11121,13,11121,173,205,0
20210403,11501,2,11133,12,11133,163,205,0
20210404,11508,7,11139,6,11139,164,205,0
20210405,11524,16,11145,6,11145,174,205,0
20210406,11531,7,11155,10,11155,171,205,0
20210407,11539,8,11163,8,11163,171,205,0
20210408,11549,10,11174,11,11174,170,205,0
20210409,11563,14,11186,12,11186,170,207,2
20210410,11568,5,11193,7,11193,168,207,0
20210411,11581,13,11206,13,11206,168,207,0
20210412,11594,13,11214,8,11214,173,207,0
20210413,11607,13,11227,13,11227,172,208,1
20210414,11612,5,11237,10,11237,166,209,1
20210415,11618,6,11246,9,11246,163,209,0
20210416,11635,17,11253,7,11253,173,209,0
20210417,11653,18,11258,5,11258,186,209,0
20210418,11695,42,11274,16,11274,212,209,0
20210419,11695,0,11274,0,11274,212,209,0
20210420,11703,8,11287,13,11287,207,209,0
20210421,11704,1,11302,15,11302,193,209,0
20210422,11718,14,11316,14,11316,193,209,0
20210423,11727,9,11325,9,11325,193,209,0
20210424,11730,3,11340,15,11340,181,209,0
20210425,11736,6,11354,14,11354,173,209,0
