省份名称,省份短名,省份位置id,当前确诊人数,累计确诊人数,疑似病例人数,累计确诊人数治愈人数,死亡人数,备注,历史统计数据链接,高风险地区人数,中风险地区人数,检测人数,接种疫苗数量
香港,香港,810000,168,11740,176,11363,209,疑似 1 例,https://file1.dxycdn.com/2020/0223/331/3398299755968040033-135.json,0,0,0,0
上海市,上海,310000,63,1970,393,1900,7,因未公布分区死亡和治愈，仅展示累计确诊和现存确诊,https://file1.dxycdn.com/2020/0223/128/3398299755968454977-135.json,0,0,130,17
云南省,云南,530000,59,341,2,280,2,,https://file1.dxycdn.com/2020/0223/159/3398299758115523929-135.json,2,1,333,2
台湾,台湾,710000,46,1104,431,1046,12,,https://file1.dxycdn.com/2020/0223/045/3398299749526003760-135.json,0,0,0,0
广东省,广东,440000,42,2331,14,2281,8,广东卫健委未明确部分治愈病例的地市归属，因此各地市的现存确诊存在一定偏差。,https://file1.dxycdn.com/2020/0223/281/3398299758115524068-135.json,0,0,120,41
福建省,福建,350000,27,590,3,562,1,,https://file1.dxycdn.com/2020/0223/744/3398299751673071813-135.json,0,0,59,156
四川省,四川,510000,23,975,14,949,3,,https://file1.dxycdn.com/2020/0223/926/3398299755968455035-135.json,0,0,413,131
陕西省,陕西,610000,17,589,1,569,3,,https://file1.dxycdn.com/2020/0223/857/3398299753820971228-135.json,0,0,276,26
海南省,海南,460000,16,187,0,165,6,,https://file1.dxycdn.com/2020/0223/126/3398299753820555862-135.json,0,0,38,16
浙江省,浙江,330000,11,1332,3,1320,1,2月10日通报核减的12例在浙江省治愈的外省病例，根据国家最新要求重新纳入累计病例。,https://file1.dxycdn.com/2020/0223/537/3398299755968455045-135.json,0,0,519,217
北京市,北京,110000,9,1057,164,1039,9,北京卫健委未明确大部分治愈与死亡病例的分区归属，因此北京市下辖分区的现存确诊暂无法获取。,https://file1.dxycdn.com/2020/0223/004/3398299758115524169-135.json,0,0,295,2
江苏省,江苏,320000,9,718,3,709,0,,https://file1.dxycdn.com/2020/0223/111/3398299753820971290-135.json,0,0,394,261
天津市,天津,120000,9,384,50,372,3,,https://file1.dxycdn.com/2020/0223/669/3398299753820555949-135.json,0,0,101,16
山西省,山西,140000,6,249,64,243,0,,https://file1.dxycdn.com/2020/0223/196/3398299755968040081-135.json,0,0,183,70
湖北省,湖北,420000,5,68157,0,63640,4512,4.17 武汉市订正数据，武汉死亡核增1290，确诊核增325，治愈核减965,https://file1.dxycdn.com/2020/0223/618/3398299751673487511-135.json,0,0,217,431
河南省,河南,410000,5,1312,0,1285,22,,https://file1.dxycdn.com/2020/0223/958/3398299751673487456-135.json,0,0,197,234
山东省,山东,370000,5,876,14,864,7,,https://file1.dxycdn.com/2020/0223/601/3398299749526003726-135.json,0,0,221,113
重庆市,重庆,500000,4,595,15,585,6,,https://file1.dxycdn.com/2020/0223/368/3398299751673487486-135.json,0,0,80,261
湖南省,湖南,430000,3,1044,0,1037,4,,https://file1.dxycdn.com/2020/0223/440/3398299751673072079-135.json,0,0,286,65
内蒙古自治区,内蒙古,150000,3,380,34,376,1,,https://file1.dxycdn.com/2020/0223/783/3398299758115938727-135.json,0,0,248,9
广西壮族自治区,广西,450000,3,270,0,265,2,,https://file1.dxycdn.com/2020/0223/536/3398299758115523880-135.json,0,0,269,15
甘肃省,甘肃,620000,1,193,0,190,2,,https://file1.dxycdn.com/2020/0223/559/3398299755968040166-135.json,0,0,236,1
黑龙江省,黑龙江,230000,0,1610,394,1597,13,黑龙江卫健委未明确部分治愈病例的地市归属，因此各地市的现存确诊存在一定偏差。,https://file1.dxycdn.com/2020/0223/643/3398299753820971199-135.json,0,0,314,1
河北省,河北,130000,0,1317,0,1310,7,河北卫健委未明确部分治愈病例的地市归属，因此各地市的现存确诊存在一定偏差。,https://file1.dxycdn.com/2020/0223/473/3398299751673487477-135.json,0,0,566,178
安徽省,安徽,340000,0,994,0,988,6,,https://file1.dxycdn.com/2020/0223/734/3398299753820971301-135.json,0,0,412,161
新疆维吾尔自治区,新疆,650000,0,980,0,977,3,,https://file1.dxycdn.com/2020/0223/497/3398299753820556085-135.json,0,0,216,0
江西省,江西,360000,0,937,0,936,1,,https://file1.dxycdn.com/2020/0223/161/3398299751673072165-135.json,0,0,143,4
吉林省,吉林,220000,0,573,19,570,3,,https://file1.dxycdn.com/2020/0223/046/3398299755968039975-135.json,0,0,91,0
辽宁省,辽宁,210000,0,408,0,406,2,,https://file1.dxycdn.com/2020/0223/815/3398299758115938736-135.json,0,0,192,204
贵州省,贵州,520000,0,147,0,145,2,3 月 17 日贵阳市新增 1 例境外输入无症状感染者,https://file1.dxycdn.com/2020/0223/148/3398299753820971243-135.json,0,0,121,13
宁夏回族自治区,宁夏,640000,0,75,0,75,0,,https://file1.dxycdn.com/2020/0223/353/3398299755968455019-135.json,0,0,27,5
澳门,澳门,820000,0,49,9,49,0,确诊病例中含9例境外输入病例,https://file1.dxycdn.com/2020/0223/840/3398299753820971267-135.json,0,0,0,0
青海省,青海,630000,0,18,0,18,0,,https://file1.dxycdn.com/2020/0223/581/3398299758115524121-135.json,0,0,59,0
西藏自治区,西藏,540000,0,1,0,1,0,,https://file1.dxycdn.com/2020/0223/353/3398299755968039885-135.json,0,0,32,16
